Temperature (deg C)
51.908
51.447
51.447
51.216
54.100
54.331
54.446
52.255
55.828
55.598
55.137
54.676
54.215
55.828
55.368
55.828
59.967
58.014
56.979
56.979
57.439
59.508
60.885
59.393
62.032
61.574
61.574
60.771
63.637
63.637
64.209
64.324
63.751
66.612
65.239
64.438
67.412
65.125
67.869
68.783
69.924
69.810
69.239
68.440
71.178
70.380
70.836
69.696
72.318
71.748
72.090
75.278
74.595
73.229
75.050
74.709
73.343
76.528
76.074
74.937
78.800
75.733
79.481
77.210
76.642
80.955
80.162
78.232
81.749
81.975
81.295
80.048
80.388
83.561
82.429
81.409
83.335
84.806
83.674
83.561
85.711
86.276
85.598
84.467
85.824
88.310
85.145
87.633
87.633
90.342
90.568
89.327
88.762
89.665
89.665
92.034
90.117
91.132
90.681
94.175
91.470
93.724
93.386
92.147
94.963
95.638
94.062
94.850
96.876
93.499
98.001
96.539
94.625
96.988
95.863
98.113
98.563
96.876
100.023
100.809
100.023
99.911
100.922
99.012
98.900
98.563
99.124
102.717
103.166
100.360
102.493
100.472
101.258
102.942
104.512
104.512
104.288
102.493
104.400
103.615
106.081
104.512
105.521
104.848
106.641
106.753
107.425
105.633
107.425
109.663
108.768
109.999
107.089
107.985
107.537
111.229
109.216
111.788
108.097
110.670
108.544
110.335
112.682
109.104
113.018
110.558
110.558
113.129
111.788
112.235
111.229
114.358
114.805
113.688
114.358
111.676
114.470
116.033
113.353
114.693
113.688
113.353
113.241
116.702
116.814
116.479
114.135
115.028
114.135
114.358
116.926
117.483
115.810
118.153
118.933
118.041
116.368
119.268
115.921
115.810
119.045
119.491
116.368
118.153
117.372
119.714
118.041
119.491
118.933
118.487
116.926
120.048
120.717
119.268
120.494
120.717
119.825
117.818
120.382
118.264
121.497
121.608
120.494
121.162
121.831
121.274
120.940
119.268
118.599
119.156
121.162
120.048
119.937
121.497
