0.019
0.212
0.700
0.934
1.200
1.454
1.904
2.162
2.410
2.501
2.958
3.154
3.324
3.476
3.591
3.801
4.054
4.144
4.288
4.656
4.596
4.583
4.615
4.664
4.803
4.859
4.861
4.842
4.796
4.597
4.661
4.494
4.344
4.117
4.127
4.008
3.827
3.541
3.260
3.204
2.918
2.735
2.464
2.077
1.678
1.487
1.127
1.017
0.521
0.388
0.103
-0.155
-0.458
-0.875
-1.238
-1.569
-1.846
-1.963
-2.479
-2.636
-2.973
-3.038
-3.453
-3.683
-3.611
-3.991
-4.163
-4.223
-4.331
-4.408
-4.545
-4.702
-4.852
-4.739
-4.850
-4.863
-4.705
-4.738
-4.881
-4.668
-4.647
-4.439
-4.356
-4.228
-4.137
-4.028
-3.819
-3.558
-3.229
-3.086
-2.704
-2.523
-2.383
-2.164
-1.738
-1.501
-1.337
-0.849
-0.607
-0.410
