Temperature (ºC)
-1.285
0.032
-0.446
0.997
0.756
0.756
0.756
2.083
2.203
2.203
1.239
2.926
2.805
2.564
2.324
1.962
2.324
3.167
2.805
3.167
5.091
4.129
3.648
3.648
3.888
4.850
5.331
5.691
5.931
6.171
5.451
6.771
6.531
6.531
6.051
7.491
7.970
8.329
7.850
7.610
9.047
8.928
9.646
9.765
9.167
8.569
9.406
9.167
10.722
9.526
10.961
11.199
11.796
12.035
11.319
11.080
11.080
11.319
12.632
11.080
12.035
11.677
13.108
12.035
12.035
14.181
12.989
13.228
14.062
14.538
15.014
15.014
14.657
14.300
15.609
15.133
15.371
16.560
16.322
15.133
16.441
16.085
17.035
16.916
17.035
16.798
16.560
16.916
17.510
18.460
18.104
19.171
18.934
18.222
17.985
19.290
19.053
18.341
19.882
19.645
19.053
20.829
19.408
21.184
20.829
20.237
20.593
20.119
22.131
21.658
20.711
22.367
22.485
22.131
21.421
21.539
23.076
22.485
22.012
22.840
23.549
22.958
22.840
23.667
24.021
24.375
24.375
24.021
23.430
24.139
25.200
23.667
24.847
25.318
24.965
24.375
26.379
26.379
25.790
25.436
25.908
25.790
26.968
25.908
26.379
26.143
27.674
26.379
27.439
27.203
26.615
27.909
28.144
27.439
27.674
28.615
26.968
29.085
28.380
27.321
28.497
27.909
29.320
28.967
29.203
28.380
29.790
28.380
28.497
29.907
29.085
30.494
29.203
29.437
29.085
30.494
30.729
30.612
30.494
30.846
29.907
29.790
29.555
29.790
31.433
31.550
30.377
30.260
31.198
30.142
30.494
31.198
31.902
31.902
31.668
30.729
31.550
31.198
32.254
31.433
31.902
31.550
32.254
32.254
32.488
31.550
32.371
33.425
32.840
33.425
31.902
32.254
32.019
33.776
32.722
33.893
32.019
33.191
32.137
32.840
33.893
32.137
33.893
32.722
32.605
33.776
33.074
32.605
33.542
33.542
33.308
33.308
33.659
33.659
34.128
34.128
33.776
34.011
33.659
33.308
32.957
34.011
33.659
34.479
33.074
32.957
33.776
34.011
33.776
33.308
33.659
32.722
34.128
33.893
33.893
34.011
34.245
32.840
33.776
34.362
34.362
33.776
34.011
32.605
33.893
34.479
33.074
33.542
32.957
32.722
32.605
34.128
34.011
33.776
32.488
32.840
32.254
32.254
33.425
33.776
33.074
32.840
32.722
32.488
32.840
32.840
32.019
32.371
33.191
32.254
33.191
33.425
33.191
32.840
31.902
33.191
31.433
31.316
32.722
32.137
32.254
32.840
30.964
32.605
32.019
31.316
30.729
31.550
30.846
30.964
32.137
31.316
31.433
30.260
30.964
30.612
30.729
31.316
30.612
30.260
30.846
30.377
30.494
29.907
29.085
30.377
29.085
30.025
30.494
29.555
30.025
29.320
29.085
29.790
29.203
28.615
29.790
28.967
27.909
28.262
27.674
28.850
29.085
28.262
26.968
27.439
26.850
27.909
26.732
28.027
28.027
27.321
27.439
27.556
25.672
25.790
26.850
26.615
25.672
25.200
25.200
26.026
25.318
25.200
25.083
25.554
25.790
25.554
24.847
24.965
25.200
25.200
23.549
24.375
23.785
23.312
22.840
24.257
22.485
23.076
23.194
22.485
22.840
22.012
22.012
21.421
22.722
21.184
21.303
22.249
22.249
21.894
21.658
21.184
20.474
21.421
19.882
21.066
19.527
19.408
19.882
20.593
18.460
18.341
19.171
18.697
17.866
18.104
19.171
17.629
17.273
17.035
18.578
16.560
16.322
16.203
16.560
17.629
16.322
16.203
17.154
16.679
15.847
16.322
15.847
15.014
14.538
13.824
14.776
15.490
14.062
13.585
14.062
13.228
13.943
14.300
12.989
13.704
11.677
13.466
12.512
12.751
12.035
10.961
10.961
11.080
10.124
10.722
9.885
10.841
11.080
9.167
10.602
10.004
9.885
9.885
9.167
9.287
7.970
8.808
8.688
8.688
6.891
8.449
7.730
7.610
6.171
6.891
7.491
5.451
5.691
5.211
6.771
5.811
4.850
6.051
4.610
5.091
3.888
3.528
3.528
3.888
4.490
2.564
4.009
2.805
1.842
3.167
1.600
3.167
2.444
2.444
0.877
1.118
-0.088
1.359
-0.207
0.153
-0.207
0.997
-1.285
-1.045
-1.405
-1.405
-1.886
-1.045
-0.685
-0.805
-2.610
-1.645
-2.127
-2.248
-2.007
-3.215
-2.368
-3.094
-4.430
-3.579
-3.943
-4.551
-3.579
-4.673
-4.795
-5.161
-6.016
-5.894
-6.261
-7.118
-5.649
-7.241
-7.732
-7.241
-6.996
-8.346
-8.223
-8.592
-7.732
-8.346
-8.223
-8.223
-8.961
-8.715
-9.577
-8.838
-9.577
-10.563
-9.207
-9.577
-10.810
-9.700
-11.674
-10.316
-11.304
-11.798
-11.551
-11.551
-13.282
-12.911
-13.158
-13.035
-12.292
-12.787
-13.035
-12.787
-14.149
-14.397
-13.406
-14.893
-15.017
-14.769
-15.513
-14.769
-15.017
-15.265
-15.389
-16.879
-17.003
-17.003
-16.382
-16.009
-17.376
-17.251
-18.370
-16.755
-18.495
-17.997
-17.873
-18.619
-18.246
-19.740
-19.989
-20.113
-20.487
-19.864
-20.238
-19.491
-20.986
-20.612
-21.485
-20.363
-20.363
-21.734
-20.861
-21.111
-21.235
-21.734
-22.858
-21.984
-23.233
-21.485
-22.733
-21.734
-22.483
-23.108
-22.983
-23.108
-23.983
-24.108
-24.985
-23.483
-25.110
-25.486
-25.110
-24.233
-25.611
-25.486
-25.360
-26.489
-25.736
-25.736
-25.736
-25.486
-26.489
-26.740
-25.736
-25.736
-26.489
-25.862
-28.121
-27.116
-26.614
-27.744
-28.121
-28.247
-29.002
-27.870
-28.499
-29.380
-29.506
-28.750
-27.996
-27.996
-29.254
-28.625
-29.002
-28.750
-28.750
-29.506
-29.632
-30.893
-29.380
-30.262
-30.136
-30.262
-30.388
-29.884
-30.388
-31.272
-32.030
-31.651
-31.525
-31.904
-30.767
-31.777
-30.767
-32.536
-31.272
-31.651
-31.146
-32.790
-32.157
-31.398
-31.777
-31.525
-33.296
-31.777
-32.157
-31.904
-32.157
-32.157
-32.790
-33.930
-33.043
-33.930
-34.057
-33.043
-32.916
-34.438
-33.296
-33.803
-34.819
-33.296
-33.296
-34.946
-34.565
-34.057
-34.311
-33.803
-35.073
-33.930
-33.423
-35.709
-34.311
-34.311
-35.455
-35.709
-35.328
-34.438
-34.184
-34.819
-35.328
-34.438
-35.709
-34.819
-35.837
-35.837
-34.184
-35.837
-36.346
-34.692
-36.219
-36.473
-36.473
-35.837
-35.200
-35.837
-35.709
-35.709
-36.473
-35.455
-35.200
-35.964
-35.328
-34.819
-35.582
-35.455
-36.601
-35.709
-36.219
-35.837
-34.819
-35.709
-36.601
-35.455
-35.200
-35.073
-34.819
-34.819
-36.091
-34.819
-35.328
-35.073
-34.819
-34.946
-34.692
-34.565
-34.565
-35.455
-35.582
-36.346
-35.709
-34.565
-35.455
-36.091
-36.346
-34.819
-34.565
-36.091
-36.091
-35.328
-34.565
-34.311
-35.709
-35.709
-35.837
-35.200
-35.837
-33.677
-34.311
-35.582
-33.550
-34.184
-34.565
-35.455
-34.819
-34.438
-33.803
-33.423
-35.073
-33.170
-34.692
-33.550
-33.677
-32.536
-33.677
-34.184
-33.930
-32.790
-33.677
-33.296
-32.916
-33.930
-31.904
-32.283
-33.550
-32.790
-32.157
-31.398
-31.777
-32.030
-31.904
-31.146
-31.651
-32.410
-31.651
-32.157
-31.525
-31.019
-32.030
-31.146
-31.272
-30.136
-30.641
-30.262
-30.514
-30.767
-29.884
-29.884
-29.254
-30.767
-29.758
-29.002
-29.632
-28.750
-29.506
-29.506
-29.380
-28.247
-28.121
-29.632
-29.380
-29.254
-27.996
-27.367
-27.996
-29.128
-27.619
-28.876
-27.493
-27.493
-27.493
-28.247
-25.987
-27.744
-26.614
-27.619
-27.242
-25.987
-26.614
-26.489
-25.611
-25.987
-25.736
-26.112
-24.859
-25.862
-24.985
-24.734
-23.983
-24.609
-25.360
-24.484
-24.233
-24.609
-22.983
-22.983
-22.483
-22.858
-22.608
-22.733
-22.109
-21.984
-21.235
-22.234
-22.234
-22.608
-20.737
-20.737
-21.360
-21.859
-20.113
-20.113
-21.485
-20.487
-19.242
-20.861
-20.487
-20.238
-20.238
-18.993
-19.864
-18.619
-18.495
-17.997
-17.749
-17.127
-17.500
-18.122
-16.879
-17.624
-16.009
-16.258
-17.376
-17.251
-16.630
-16.879
-15.761
-16.382
-14.521
-16.009
-15.389
-15.389
-15.513
-15.141
-15.265
-13.530
-13.282
-12.911
-14.645
-13.406
-13.282
-12.169
-12.787
-12.540
-11.674
-12.663
-11.674
-12.540
-10.563
-10.316
-10.193
-11.798
-10.563
-10.070
-9.577
-9.454
-10.316
-8.592
-8.715
-9.700
-8.715
-9.700
-8.469
-7.609
-7.609
-8.838
-7.118
-7.241
-6.261
-6.138
-6.138
-6.996
-6.505
-6.138
-6.873
-5.283
-6.505
-4.673
-4.430
-5.405
-5.283
-5.283
-3.822
-4.917
-4.065
-3.094
-2.610
-3.215
-1.766
-2.368
-2.852
-2.248
-1.165
-2.610
-2.368
-2.127
-1.886
-0.088
-1.045
-0.805
0.394
-1.045
0.877
-0.207
1.480
0.273
0.515
0.636
0.877
2.444
2.685
2.926
3.046
2.805
1.721
2.324
2.564
3.046
3.528
3.167
4.850
4.490
4.610
5.571
4.970
5.571
6.411
6.531
6.531
6.651
5.451
6.051
6.171
6.051
7.970
7.730
7.850
6.651
8.090
8.688
8.808
9.167
7.850
9.287
8.808
9.646
10.363
10.483
8.928
10.722
10.244
9.526
10.124
10.722
10.363
12.154
11.558
11.199
12.512
12.989
11.677
11.558
13.347
12.393
13.228
13.943
14.300
13.347
13.943
15.133
15.014
14.776
14.062
15.490
14.776
15.014
14.419
15.728
15.609
15.252
15.847
17.154
15.966
17.629
16.085
17.866
18.104
17.391
17.035
18.104
18.104
18.460
18.222
17.510
19.527
18.104
18.578
18.815
19.764
19.764
20.711
20.119
20.711
20.119
21.066
21.184
20.001
20.948
20.119
20.237
22.012
21.303
22.604
21.894
22.604
21.303
22.722
21.539
23.076
23.903
23.076
23.667
22.840
24.139
23.903
24.021
23.430
24.847
24.139
24.965
24.257
23.667
24.729
25.200
24.965
24.965
24.375
25.083
25.908
26.615
25.790
26.968
25.908
26.379
25.436
27.556
27.439
26.732
27.439
26.732
27.439
27.321
27.556
26.615
27.439
27.321
28.850
28.850
29.203
28.497
28.615
27.674
28.497
28.380
28.850
28.144
29.790
28.732
29.907
30.260
29.672
28.967
29.203
29.907
30.612
29.437
29.672
30.612
30.964
29.790
29.790
30.377
31.433
30.846
29.790
31.902
30.025
31.316
30.612
30.494
30.494
30.846
31.433
32.488
30.612
30.729
31.433
31.316
31.902
31.902
31.785
32.957
32.371
31.785
32.137
32.137
33.308
32.488
33.191
33.074
33.191
32.840
33.425
32.371
33.659
32.371
33.776
33.308
32.137
33.542
32.957
32.371
32.137
32.137
33.074
34.011
32.488
32.254
32.722
34.011
34.011
34.011
33.776
32.957
34.011
34.362
34.245
32.957
33.542
32.605
33.308
34.011
33.425
32.957
33.191
32.957
34.128
32.840
32.722
33.659
33.308
34.245
32.957
34.479
32.840
32.605
32.957
34.245
33.074
33.659
33.191
33.659
33.893
34.245
34.362
34.362
32.605
32.722
33.542
34.011
34.128
32.488
34.128
33.893
32.957
33.308
33.542
33.074
32.605
34.011
34.011
33.425
33.191
32.488
32.137
32.137
32.957
32.722
32.371
32.019
32.488
32.957
33.425
32.722
33.308
31.785
32.254
31.668
32.957
32.019
31.668
32.019
32.019
31.433
31.433
30.964
31.081
30.964
32.254
31.902
31.902
31.550
31.550
30.612
31.550
30.025
31.198
31.433
30.260
29.555
30.377
29.320
30.964
30.377
30.142
30.142
30.025
30.377
30.025
30.025
30.025
30.142
28.615
28.967
29.672
28.027
28.732
27.792
28.615
28.027
27.556
27.792
29.203
28.027
28.144
26.968
27.439
28.497
28.262
26.968
26.732
26.615
26.026
27.909
26.026
25.672
25.908
25.908
26.850
26.379
25.083
25.318
24.965
24.965
25.554
24.611
25.436
24.139
24.729
25.200
24.139
23.430
23.785
24.493
24.729
23.903
24.375
22.604
24.021
24.257
23.312
23.076
22.958
22.722
21.776
23.312
21.539
20.948
21.184
21.066
21.303
21.894
20.593
21.776
20.593
21.066
19.882
19.408
20.356
19.645
19.527
20.001
20.474
18.697
19.882
18.578
19.645
18.934
17.748
17.748
17.748
17.866
17.273
16.916
16.441
16.322
17.391
17.510
16.916
17.035
15.133
15.966
16.085
16.560
15.014
15.490
15.609
