Thermocouple 0 (ºC)	Thermocouple 1 (ºC)	Thermocouple 2 (ºC)	Thermocouple 3 (ºC)
-1.285	2.805	5.091	9.287
0.153	2.926	5.571	9.646
0.877	3.648	5.451	9.765
0.877	3.407	5.931	8.209
-0.326	3.287	5.811	8.688
1.842	3.648	5.931	8.569
0.032	3.768	7.011	10.004
1.480	4.490	6.411	10.363
1.359	4.129	6.411	10.483
2.324	5.331	7.610	10.004
2.685	5.331	8.808	11.558
2.203	4.370	7.970	10.244
3.046	4.730	8.808	11.796
3.648	6.531	8.688	11.080
2.203	5.331	9.287	10.483
2.685	5.091	9.167	10.722
2.083	7.011	8.569	11.438
3.528	6.771	10.004	12.512
3.528	5.931	10.004	12.154
3.768	7.730	10.124	11.677
4.249	6.771	10.363	12.870
4.370	6.891	9.287	12.274
4.249	8.090	10.363	14.062
5.211	7.251	9.765	13.585
4.850	6.891	11.080	13.466
4.370	8.928	10.124	14.538
5.691	7.850	10.961	12.989
6.531	8.808	10.602	14.776
6.411	8.808	10.841	13.585
6.651	8.808	10.961	14.419
6.651	8.808	11.438	14.776
6.771	9.765	12.512	14.776
5.811	9.167	12.989	14.062
6.891	10.004	12.274	14.300
7.970	10.722	12.751	15.014
7.131	9.885	13.585	15.133
7.371	9.765	14.062	15.371
8.090	10.602	12.632	16.441
8.569	10.483	13.466	16.916
7.011	11.916	13.824	15.371
8.329	10.483	14.538	16.798
8.808	10.722	14.776	15.847
7.850	12.035	13.824	17.748
8.449	11.319	13.704	17.510
9.765	12.393	14.895	17.748
8.808	11.319	13.824	16.441
10.124	13.108	14.419	16.798
9.765	11.438	14.419	17.629
10.483	13.108	15.490	17.035
10.004	12.274	15.966	17.748
10.244	12.512	15.966	18.341
10.841	12.632	15.966	19.408
11.080	14.419	15.490	18.341
10.244	14.776	16.203	19.882
10.244	14.181	15.728	18.934
12.274	13.108	17.510	18.815
10.961	14.776	16.679	18.697
12.035	14.657	16.916	19.527
12.154	14.895	17.985	20.356
12.393	15.252	17.629	19.645
11.677	15.490	17.748	20.948
12.035	14.538	17.985	20.593
12.870	15.133	17.985	19.527
13.466	15.847	18.460	20.948
13.704	15.014	18.460	21.539
14.181	16.203	18.934	20.001
13.824	17.154	18.341	21.184
13.347	15.728	18.104	22.012
14.657	17.035	18.341	21.066
13.228	15.847	19.527	22.249
14.419	16.798	19.171	21.303
14.419	17.154	18.815	21.539
15.133	16.916	20.474	22.958
15.609	17.985	19.527	23.076
14.300	16.679	20.711	22.367
15.490	18.815	19.408	23.312
15.728	17.629	19.645	22.722
15.014	17.748	21.421	22.958
16.203	17.510	20.711	22.722
15.966	19.171	20.948	22.958
16.560	18.815	21.303	23.076
15.371	19.290	20.474	23.667
17.273	19.053	21.894	23.549
16.441	19.882	21.658	23.430
17.866	19.645	21.066	23.667
16.322	20.119	22.840	24.257
16.322	19.408	21.184	24.493
16.679	20.711	22.958	24.493
18.104	20.829	21.421	23.667
18.222	20.474	21.894	23.785
17.273	20.711	22.367	24.375
17.866	20.948	23.430	25.554
18.460	20.948	23.667	25.908
17.866	21.184	22.958	24.729
17.985	21.894	22.367	25.200
19.053	20.829	23.549	24.965
18.697	20.593	24.257	24.847
18.815	22.249	24.611	26.379
20.001	22.012	23.667	26.615
19.053	22.722	23.549	25.554
19.882	23.076	23.312	25.318
20.001	22.131	23.549	25.790
20.948	21.894	23.785	25.672
21.184	21.658	23.667	25.672
20.119	23.549	24.611	26.497
21.539	23.549	24.965	27.556
21.184	22.840	24.611	25.908
21.066	24.139	24.965	26.497
21.303	22.840	25.790	28.144
21.184	24.257	24.493	28.262
21.658	24.257	25.790	26.732
21.066	23.549	24.729	27.439
20.948	24.257	26.615	26.732
22.604	24.375	26.379	28.380
22.131	24.611	25.436	28.262
22.722	24.965	25.318	28.850
22.722	24.965	25.554	28.262
23.549	23.785	26.143	27.556
23.785	25.083	26.261	29.203
22.604	25.318	26.261	27.792
22.485	25.083	27.792	27.792
24.021	25.083	26.261	29.320
22.722	26.379	27.792	29.555
22.840	25.436	26.261	29.437
22.840	25.436	27.086	30.025
22.840	25.318	26.968	28.615
23.194	26.143	28.497	30.142
23.430	26.615	28.144	29.672
25.083	26.143	28.850	29.790
23.667	26.615	28.144	29.437
25.436	26.497	28.262	29.672
24.139	26.379	27.909	28.732
25.436	26.026	27.439	29.672
25.200	25.908	27.909	29.203
25.436	26.850	28.850	30.494
25.083	27.439	28.497	30.846
25.554	26.615	29.790	30.964
25.318	28.380	28.262	31.081
25.790	27.321	29.320	30.846
24.847	27.086	28.615	30.260
26.732	28.144	29.672	31.433
25.790	27.556	30.142	30.260
26.026	28.027	29.203	31.198
26.850	28.497	30.025	30.142
25.790	27.674	30.025	31.785
26.261	28.380	28.967	31.902
26.143	28.380	30.142	30.964
27.203	27.674	29.085	30.260
26.026	28.380	29.672	31.668
26.379	28.497	29.203	31.668
27.674	28.262	30.612	31.668
27.674	29.085	29.437	31.550
26.497	30.025	30.377	32.488
28.027	29.203	30.846	32.019
27.439	29.085	29.672	32.371
27.203	28.497	30.260	32.371
27.321	29.085	30.729	30.846
27.909	29.555	31.081	32.488
28.027	29.320	31.668	32.840
28.497	30.846	30.142	32.137
29.203	29.672	30.729	31.668
27.556	30.142	30.964	31.198
27.674	30.025	32.019	33.074
28.497	30.612	31.550	32.957
29.672	30.377	31.550	31.433
29.555	30.260	31.668	32.605
29.203	31.081	31.902	32.137
28.144	30.025	31.316	31.902
29.790	30.377	32.488	31.785
29.907	30.964	32.605	31.902
29.555	31.668	32.371	33.659
28.967	31.668	32.488	33.659
30.377	31.785	32.254	32.137
30.025	30.494	31.550	33.308
30.494	30.377	32.488	32.840
29.085	31.785	32.840	32.137
29.672	31.433	32.137	33.425
29.555	31.785	33.308	32.019
30.612	31.785	31.668	32.137
29.907	31.902	33.074	33.191
30.142	32.137	31.902	33.425
30.025	31.081	33.425	32.722
29.672	32.254	31.785	32.254
29.672	31.433	32.957	32.840
30.612	31.668	31.785	33.308
31.316	31.550	33.074	34.011
31.081	32.137	31.785	33.191
30.494	31.902	33.542	33.308
30.260	32.254	33.308	33.893
31.902	32.840	32.488	34.128
31.550	32.722	33.659	33.893
32.137	33.074	33.776	33.425
31.316	31.550	32.722	34.128
31.316	31.668	32.019	33.776
32.137	31.550	32.254	33.191
32.019	33.191	32.371	32.722
30.729	32.254	32.137	34.479
32.137	31.668	34.011	33.776
31.668	31.668	32.722	33.308
32.254	33.308	32.254	34.245
31.198	33.074	33.425	34.596
32.019	32.254	32.957	34.128
31.785	32.840	33.542	32.722
33.191	33.425	32.605	33.542
32.722	34.011	34.011	33.893
32.488	33.893	33.776	33.191
32.488	32.605	33.542	34.011
31.902	33.191	33.425	34.596
32.840	33.659	33.776	33.542
33.191	33.659	34.479	32.957
32.840	34.011	33.659	34.479
32.605	33.191	33.425	34.362
33.542	32.605	33.074	32.957
33.191	34.128	33.776	32.605
33.074	32.371	33.659	33.659
32.722	32.371	34.596	32.840
33.074	32.371	32.957	33.893
32.605	32.957	33.893	33.425
32.840	32.840	34.011	32.840
32.957	33.425	34.245	33.425
32.019	33.074	33.308	32.722
33.776	34.011	34.479	33.776
33.425	33.542	34.128	34.011
34.128	33.425	33.308	32.722
34.011	34.245	33.542	32.605
34.011	34.128	32.605	33.308
34.128	32.605	32.957	32.840
32.488	33.776	32.840	33.659
33.425	34.011	34.128	34.245
33.659	33.191	34.245	33.074
34.362	34.128	32.957	32.605
33.191	32.957	33.776	32.605
34.362	32.957	33.308	32.840
32.605	32.957	32.605	33.776
34.011	34.362	32.488	33.074
33.308	34.245	33.425	33.191
34.011	33.074	33.659	32.254
34.362	34.479	34.245	32.137
33.542	33.893	34.011	33.542
33.074	34.479	34.011	32.371
33.659	32.722	33.425	33.542
34.011	32.605	33.893	33.074
34.479	34.362	34.011	32.488
33.425	33.542	32.371	33.191
32.605	34.128	33.893	32.254
32.840	32.605	33.659	31.785
33.308	34.011	33.893	32.605
34.596	33.776	32.840	32.605
34.362	32.605	32.371	31.902
32.840	34.362	32.722	32.254
34.245	32.605	33.776	31.902
34.479	32.957	32.605	31.785
33.074	34.128	33.776	33.191
34.362	33.659	32.019	31.668
32.957	33.074	32.840	31.550
34.362	33.659	32.957	33.074
33.659	33.893	33.893	33.074
34.362	34.011	32.137	31.785
33.191	32.605	33.776	32.488
34.011	32.254	33.074	32.605
34.011	33.893	31.902	32.371
33.308	33.542	33.542	32.605
32.605	33.776	32.488	30.729
32.957	32.957	31.785	32.488
33.542	32.605	32.957	32.488
32.840	32.137	32.957	30.964
33.542	33.659	33.074	31.081
33.542	34.011	33.074	31.668
32.840	33.542	32.019	31.081
32.371	33.074	32.019	30.377
32.957	33.659	31.550	32.019
32.605	33.542	32.840	30.964
32.722	33.074	32.137	31.198
33.074	31.785	32.722	30.142
32.722	32.254	32.254	30.964
34.128	32.840	32.371	30.612
33.776	33.074	30.964	30.729
32.137	31.550	32.137	30.260
33.893	32.371	32.137	29.555
33.308	31.433	31.902	31.316
33.074	32.840	30.964	30.964
33.308	32.488	30.846	30.964
32.840	32.722	30.964	29.085
32.840	32.488	30.964	29.790
31.902	31.668	31.316	30.729
32.722	32.957	30.846	29.907
31.785	32.957	31.785	29.555
33.191	31.550	31.081	29.672
32.840	30.964	30.612	28.967
33.542	32.488	31.668	29.672
32.722	30.846	30.494	28.967
32.488	30.729	31.316	28.850
33.074	32.488	30.612	28.497
31.902	31.668	31.198	28.497
31.902	31.902	31.081	28.380
31.668	31.198	30.964	28.967
31.316	32.254	29.203	28.967
31.668	30.494	29.203	28.027
32.137	32.019	28.967	27.556
31.668	30.612	29.790	28.262
31.785	31.785	29.907	27.792
31.902	30.729	30.494	28.262
32.488	31.433	30.142	28.144
32.605	30.377	30.260	27.439
32.605	31.081	28.497	28.380
31.550	29.907	28.262	26.732
31.433	31.198	28.380	26.497
30.846	30.964	29.555	28.027
31.785	29.907	29.437	28.144
32.019	29.672	28.732	26.143
30.377	29.085	28.380	27.439
30.964	29.320	28.144	26.261
31.668	29.085	27.556	26.850
30.729	30.377	27.674	27.439
30.142	28.732	27.556	27.203
30.377	29.790	27.792	26.497
31.081	30.260	28.850	27.203
29.907	28.732	28.027	26.732
31.433	28.380	28.497	26.615
30.260	29.320	28.027	25.790
30.025	30.025	28.497	26.143
30.494	28.497	26.615	24.965
30.494	28.850	26.968	24.847
30.142	29.203	28.027	25.672
31.081	28.144	27.086	24.611
30.846	28.497	26.497	25.083
30.025	28.144	26.379	24.139
29.320	27.674	27.556	25.200
30.377	28.497	26.850	24.139
30.142	27.203	26.850	25.200
29.203	26.968	26.143	23.312
30.025	28.144	26.143	24.375
29.437	28.262	26.261	24.375
29.672	28.380	25.083	23.667
29.672	26.497	25.554	22.722
28.967	26.850	24.611	23.076
29.907	27.203	25.672	22.485
28.497	28.027	26.026	22.958
28.144	26.497	24.257	24.139
27.792	26.026	24.375	22.485
28.967	27.086	24.021	22.249
27.556	26.026	24.847	22.012
28.497	25.672	24.493	22.958
27.674	25.436	24.021	22.722
28.732	26.379	25.083	21.303
28.497	27.086	24.375	22.249
27.909	26.143	23.312	22.840
27.086	24.847	23.312	21.184
27.321	26.261	23.194	22.367
27.086	26.026	22.958	20.356
27.439	25.083	23.076	21.539
28.144	24.729	24.021	20.711
27.909	25.436	22.485	20.356
26.497	25.083	22.485	20.119
25.908	24.021	23.194	21.184
26.968	25.318	21.539	20.356
26.732	25.436	22.012	20.356
26.850	25.200	23.194	20.711
26.379	23.903	22.722	19.053
26.143	24.493	21.776	20.711
25.083	23.785	20.829	19.882
25.318	23.076	21.066	18.697
26.379	24.257	20.593	19.053
24.611	24.493	20.474	19.053
26.379	23.549	21.894	18.578
25.083	23.076	21.303	19.290
26.026	22.604	19.764	18.697
24.021	23.194	20.474	19.171
25.083	22.131	20.356	17.748
24.965	23.194	19.290	17.035
24.375	22.012	19.764	18.341
25.083	21.894	19.408	17.629
24.139	23.194	19.645	17.035
23.903	21.776	19.764	17.985
23.667	21.539	20.356	17.035
23.667	21.894	19.882	15.966
22.958	20.829	18.222	16.203
23.430	21.539	18.578	15.609
23.549	20.356	18.341	16.916
23.076	22.012	17.985	15.252
23.076	20.356	17.391	16.085
23.430	19.882	19.171	15.371
23.549	20.474	17.510	15.133
22.485	19.882	17.748	15.847
23.076	19.882	17.510	15.609
22.722	19.171	16.679	15.490
22.840	20.119	17.035	14.657
21.066	19.408	16.560	14.181
22.604	18.934	16.560	13.585
21.303	18.578	16.322	13.585
20.711	18.815	15.728	13.943
22.249	19.527	16.322	14.657
20.474	18.697	16.203	13.943
20.474	19.527	15.609	12.989
21.421	19.053	16.085	13.824
19.645	17.748	15.252	13.943
21.184	18.104	15.966	12.274
21.184	17.866	14.419	13.228
19.290	17.273	14.895	12.751
20.001	17.391	14.181	13.228
18.934	16.322	15.609	11.796
20.119	16.441	13.704	11.677
19.764	17.035	15.014	12.274
18.815	16.798	14.895	10.602
20.119	16.679	13.347	10.244
18.341	15.728	13.108	10.363
19.645	16.441	14.062	10.363
18.934	16.679	14.300	11.438
19.053	15.371	12.393	9.406
19.053	14.895	13.824	9.885
18.934	15.252	12.393	10.363
18.697	15.014	12.393	10.124
17.154	15.014	12.393	10.244
18.104	15.371	12.154	10.004
17.391	14.181	11.677	8.209
17.985	15.014	11.558	8.449
16.322	13.943	10.602	9.526
16.203	13.943	10.602	9.287
16.798	14.538	10.483	8.209
16.916	13.585	11.199	8.808
15.490	13.108	11.796	8.329
15.371	14.062	9.646	8.209
14.895	12.393	9.526	7.610
15.728	12.989	9.526	6.411
15.014	11.796	9.765	6.291
14.776	13.228	9.765	6.411
16.085	13.228	8.688	6.171
15.252	12.035	8.928	6.171
14.776	12.632	9.167	5.331
15.133	11.916	8.090	6.051
15.252	12.035	8.688	5.691
15.014	11.438	8.209	6.411
14.181	10.363	8.329	4.610
13.228	11.080	8.688	4.850
14.300	11.319	7.850	4.610
13.228	10.722	7.371	4.970
13.228	10.363	8.209	3.888
11.916	9.287	6.291	3.768
12.154	9.765	7.491	4.009
11.796	9.765	7.610	4.490
11.796	10.363	6.291	2.926
12.393	8.329	7.371	3.528
11.677	8.090	5.691	4.129
11.916	8.209	4.970	3.167
12.393	9.047	5.211	2.564
12.274	7.610	5.331	2.564
10.841	7.970	5.571	1.842
10.483	8.090	6.051	2.083
10.363	8.209	4.850	2.083
10.363	8.569	3.888	2.083
9.526	6.891	3.648	0.636
10.483	7.970	4.249	1.239
10.244	6.891	4.370	0.273
10.363	6.531	4.730	0.877
10.483	6.411	4.129	0.997
9.047	7.011	4.249	-0.446
9.646	5.931	2.685	0.877
9.526	5.451	3.167	-0.685
7.850	6.291	2.564	-0.685
7.730	5.691	2.083	-0.805
7.730	5.691	2.805	-0.207
8.329	4.129	1.842	0.153
7.491	4.490	1.239	-1.285
7.131	5.691	1.118	-1.766
7.730	5.091	1.721	-2.007
7.610	3.888	1.721	-2.731
7.371	4.370	0.273	-1.405
6.531	3.888	1.600	-1.886
6.531	2.685	0.997	-2.248
6.051	3.528	0.997	-3.579
5.091	3.287	0.756	-3.215
6.531	3.648	0.515	-3.458
5.811	2.564	-1.045	-3.458
4.730	2.926	-1.165	-2.973
5.691	2.805	0.153	-3.094
5.211	1.600	-1.645	-4.308
5.331	2.926	-1.045	-4.673
5.331	1.962	-1.645	-4.308
5.571	1.239	-0.565	-5.161
4.490	1.480	-2.489	-3.822
3.888	1.359	-2.852	-4.551
4.370	0.032	-1.886	-5.771
3.046	1.118	-1.285	-4.795
4.249	0.515	-1.766	-4.795
3.407	0.636	-2.368	-6.505
3.528	-0.805	-3.215	-5.771
3.167	0.515	-2.368	-7.241
2.324	-0.207	-3.458	-6.505
2.926	-0.446	-4.065	-6.505
1.842	-0.326	-4.795	-7.732
2.926	-2.127	-4.308	-7.977
1.480	-1.405	-4.795	-7.363
0.877	-2.007	-4.186	-6.628
2.083	-1.886	-4.917	-8.346
1.962	-1.405	-5.283	-7.486
