Channel 0	Channel 1	Channel 2	Channel 3
-0.150
0.049
-0.031
0.184
0.147
0.146
0.138
0.332
0.340
0.348
0.207
0.443
0.428
0.400
0.367
0.311
0.364
0.476
0.441
0.477
0.754
0.622
0.554
0.550
0.581
0.722
0.798
0.840
0.879
0.911
0.809
0.988
0.954
0.954
0.895
1.090
1.173
1.208
1.153
1.117
1.319
1.303
1.402
1.422
1.335
1.246
1.371
1.332
1.549
1.382
1.583
1.631
1.705
1.735
1.648
1.610
1.601
1.639
1.831
1.614
1.748
1.691
1.895
1.737
1.751
2.052
1.887
1.914
2.036
2.094
2.166
2.160
2.115
2.059
2.248
2.192
2.216
2.391
2.356
2.192
2.366
2.329
2.460
2.449
2.464
2.427
2.390
2.438
2.524
2.664
2.604
2.771
2.725
2.629
2.601
2.773
2.748
2.645
2.861
2.827
2.745
3.010
2.792
3.045
3.006
2.913
2.974
2.891
3.184
3.123
2.987
3.228
3.235
3.186
3.092
3.110
3.325
3.245
3.172
3.299
3.389
3.314
3.298
3.406
3.462
3.506
3.517
3.465
3.380
3.475
3.636
3.417
3.582
3.646
3.595
3.519
3.793
3.804
3.712
3.671
3.728
3.719
3.879
3.739
3.800
3.764
3.995
3.808
3.959
3.926
3.832
4.020
4.061
3.946
3.994
4.128
3.887
4.193
4.083
3.943
4.104
4.019
4.230
4.181
4.206
4.084
4.292
4.092
4.103
4.308
4.194
4.397
4.215
4.244
4.199
4.391
4.435
4.411
4.392
4.449
4.314
4.294
4.264
4.295
4.531
4.557
4.376
4.359
4.502
4.352
4.393
4.507
4.607
4.598
4.566
4.435
4.554
4.494
4.652
4.540
4.593
4.541
4.654
4.650
4.687
4.555
4.667
4.813
4.740
4.817
4.604
4.656
4.616
4.868
4.713
4.883
4.619
4.783
4.630
4.739
4.893
4.634
4.893
4.717
4.703
4.871
4.768
4.710
4.842
4.839
4.797
4.805
4.848
4.862
4.932
4.927
4.868
4.900
4.856
4.801
4.745
4.913
4.860
4.967
4.769
4.754
4.880
4.908
4.875
4.805
4.848
4.724
4.921
4.882
4.884
4.905
4.937
4.740
4.866
4.952
4.964
4.873
4.904
4.696
4.881
4.971
4.770
4.843
4.760
4.717
4.694
4.918
4.909
4.873
4.691
4.738
4.659
4.653
4.817
4.865
4.777
4.743
4.725
4.685
4.729
4.733
4.622
4.666
4.783
4.649
4.795
4.827
4.794
4.742
4.606
4.790
4.537
4.510
4.716
4.629
4.645
4.740
4.465
4.696
4.619
4.510
4.434
4.543
4.449
4.457
4.635
4.513
4.535
4.359
4.460
4.415
4.438
4.514
4.416
4.366
4.445
4.385
4.394
4.317
4.187
4.384
4.187
4.330
4.388
4.262
4.324
4.234
4.184
4.291
4.205
4.131
4.296
4.182
4.030
4.073
3.984
4.151
4.197
4.079
3.887
3.960
3.861
4.018
3.849
4.045
4.033
3.935
3.954
3.975
3.705
3.720
3.876
3.829
3.690
3.626
3.638
3.754
3.650
3.624
3.618
3.686
3.708
3.689
3.585
3.589
3.625
3.635
3.387
3.511
3.421
3.356
3.299
3.492
3.234
3.320
3.342
3.238
3.290
3.170
3.173
3.090
3.277
3.052
3.073
3.201
3.210
3.155
3.117
3.055
2.955
3.079
2.867
3.033
2.819
2.800
2.863
2.971
2.667
2.651
2.758
2.704
2.579
2.603
2.767
2.544
2.493
2.460
2.676
2.395
2.359
2.336
2.393
2.540
2.359
2.343
2.470
2.411
2.293
2.358
2.287
2.171
2.102
1.999
2.127
2.229
2.035
1.960
2.035
1.908
2.009
2.060
1.879
1.987
1.694
1.946
1.816
1.843
1.751
1.593
1.588
1.608
1.465
1.561
1.431
1.576
1.605
1.339
1.534
1.460
1.440
1.444
1.333
1.350
1.158
1.292
1.274
1.260
1.006
1.228
1.131
1.120
0.904
1.014
1.103
0.806
0.841
0.772
0.993
0.855
0.726
0.885
0.689
0.757
0.584
0.535
0.530
0.584
0.668
0.399
0.607
0.439
0.300
0.480
0.267
0.477
0.387
0.385
0.157
0.200
0.034
0.228
0.006
0.063
0.004
0.178
-0.139
-0.105
-0.154
-0.167
-0.226
-0.116
-0.067
-0.082
-0.335
-0.190
-0.261
-0.288
-0.243
-0.409
-0.300
-0.407
-0.592
-0.476
-0.527
-0.601
-0.475
-0.626
-0.645
-0.688
-0.802
-0.790
-0.834
-0.958
-0.760
-0.970
-1.038
-0.972
-0.941
-1.127
-1.119
-1.161
-1.044
-1.131
-1.116
-1.117
-1.224
-1.180
-1.296
-1.194
-1.296
-1.443
-1.247
-1.299
-1.473
-1.323
-1.593
-1.409
-1.534
-1.603
-1.576
-1.580
-1.807
-1.764
-1.801
-1.785
-1.667
-1.751
-1.773
-1.751
-1.930
-1.957
-1.833
-2.039
-2.043
-2.016
-2.109
-2.022
-2.046
-2.076
-2.103
-2.310
-2.319
-2.324
-2.229
-2.186
-2.376
-2.358
-2.507
-2.294
-2.532
-2.463
-2.449
-2.539
-2.491
-2.696
-2.725
-2.752
-2.792
-2.719
-2.759
-2.667
-2.858
-2.808
-2.931
-2.773
-2.783
-2.966
-2.842
-2.889
-2.902
-2.959
-3.117
-3.007
-3.179
-2.926
-3.102
-2.974
-3.070
-3.152
-3.130
-3.149
-3.268
-3.286
-3.410
-3.205
-3.419
-3.474
-3.421
-3.301
-3.494
-3.483
-3.455
-3.619
-3.511
-3.512
-3.504
-3.478
-3.607
-3.643
-3.515
-3.505
-3.621
-3.529
-3.832
-3.698
-3.628
-3.790
-3.833
-3.859
-3.956
-3.798
-3.883
-4.013
-4.028
-3.919
-3.816
-3.810
-3.989
-3.909
-3.960
-3.919
-3.916
-4.020
-4.033
-4.205
-4.007
-4.122
-4.100
-4.116
-4.138
-4.080
-4.138
-4.252
-4.367
-4.305
-4.297
-4.345
-4.198
-4.332
-4.196
-4.436
-4.267
-4.310
-4.244
-4.470
-4.378
-4.281
-4.330
-4.287
-4.530
-4.330
-4.374
-4.339
-4.382
-4.381
-4.471
-4.615
-4.496
-4.613
-4.627
-4.494
-4.487
-4.682
-4.529
-4.609
-4.738
-4.530
-4.524
-4.753
-4.706
-4.635
-4.674
-4.595
-4.774
-4.621
-4.549
-4.851
-4.668
-4.662
-4.824
-4.862
-4.807
-4.693
-4.650
-4.741
-4.803
-4.686
-4.855
-4.739
-4.866
-4.879
-4.654
-4.865
-4.947
-4.727
-4.916
-4.951
-4.966
-4.868
-4.782
-4.875
-4.857
-4.859
-4.959
-4.825
-4.780
-4.891
-4.797
-4.732
-4.836
-4.826
-4.982
-4.859
-4.921
-4.872
-4.741
-4.854
-4.973
-4.829
-4.786
-4.764
-4.737
-4.740
-4.906
-4.733
-4.797
-4.764
-4.738
-4.754
-4.719
-4.706
-4.702
-4.816
-4.837
-4.933
-4.855
-4.711
-4.825
-4.898
-4.945
-4.743
-4.703
-4.911
-4.898
-4.804
-4.709
-4.666
-4.856
-4.853
-4.875
-4.779
-4.871
-4.576
-4.668
-4.839
-4.573
-4.648
-4.702
-4.818
-4.743
-4.690
-4.602
-4.555
-4.774
-4.524
-4.721
-4.563
-4.578
-4.438
-4.584
-4.649
-4.612
-4.457
-4.579
-4.526
-4.477
-4.617
-4.341
-4.398
-4.568
-4.464
-4.375
-4.277
-4.331
-4.359
-4.352
-4.241
-4.305
-4.412
-4.315
-4.384
-4.293
-4.229
-4.355
-4.250
-4.252
-4.100
-4.169
-4.126
-4.153
-4.191
-4.069
-4.069
-3.980
-4.200
-4.056
-3.956
-4.034
-3.920
-4.027
-4.014
-4.009
-3.860
-3.827
-4.037
-3.998
-3.995
-3.818
-3.737
-3.813
-3.970
-3.771
-3.934
-3.759
-3.743
-3.753
-3.849
-3.549
-3.790
-3.628
-3.773
-3.716
-3.549
-3.627
-3.611
-3.489
-3.542
-3.515
-3.556
-3.397
-3.530
-3.408
-3.384
-3.273
-3.362
-3.469
-3.346
-3.312
-3.364
-3.132
-3.137
-3.067
-3.118
-3.093
-3.110
-3.021
-2.997
-2.907
-3.031
-3.038
-3.089
-2.827
-2.828
-2.913
-2.993
-2.740
-2.748
-2.940
-2.801
-2.620
-2.856
-2.801
-2.762
-2.765
-2.597
-2.713
-2.537
-2.523
-2.464
-2.426
-2.344
-2.392
-2.477
-2.297
-2.400
-2.187
-2.228
-2.372
-2.355
-2.262
-2.297
-2.150
-2.239
-1.982
-2.185
-2.101
-2.096
-2.123
-2.073
-2.090
-1.845
-1.820
-1.756
-1.991
-1.829
-1.807
-1.667
-1.740
-1.702
-1.597
-1.721
-1.596
-1.708
-1.430
-1.410
-1.392
-1.602
-1.443
-1.372
-1.308
-1.276
-1.397
-1.172
-1.178
-1.326
-1.190
-1.311
-1.140
-1.030
-1.026
-1.201
-0.959
-0.982
-0.844
-0.826
-0.820
-0.937
-0.880
-0.824
-0.923
-0.713
-0.878
-0.618
-0.591
-0.722
-0.712
-0.710
-0.496
-0.657
-0.533
-0.397
-0.337
-0.415
-0.221
-0.294
-0.366
-0.281
-0.131
-0.340
-0.303
-0.259
-0.229
0.034
-0.118
-0.068
